   140   50
   122   50
   190   50
   210   50
   155   107
   140   117
   143   118   
   200   107
   251   118   
   254   119
   257   117   
   250   200
   253   115
   249   116
   159   122
   162   125
   255   148
   258   152
   257   154
   437   158
   449   159
   451   159
   435   160
   439   162
   448   162
   458   162
   451   163
   323   164
   454   164
   460   164
   435   167
   336   169
   435   170
   435   173
   340   174
   337   175
   338   178
   339   181
   342   181
   340   185
   337   188
   322   205
   324   207
   282   209
   280   210
   291   210
   273   213
   281   213
   290   214
   304   232
   301   233
   302   236
   303   238
   306   238
   304   240
   323   265
   205   290
   187   314
   